1,-3.1869497895240784,55.94491107257533,300,-3.1867997895240783,55.944651264954196,artist.gets.react
2,-3.1867997895240783,55.944651264954196,0,-3.186499789524078,55.944651264954196,rated.fired.crowds
3,-3.186499789524078,55.944651264954196,330,-3.1862399819029426,55.9445012649542,null
4,-3.1862399819029426,55.9445012649542,280,-3.1861878874496425,55.94420582262829,null
5,-3.1861878874496425,55.94420582262829,210,-3.186447695070778,55.94405582262829,lime.learns.front
6,-3.186447695070778,55.94405582262829,180,-3.1867476950707783,55.94405582262829,null
7,-3.1867476950707783,55.94405582262829,190,-3.187043137396682,55.94400372817499,null
8,-3.187043137396682,55.94400372817499,140,-3.187272950729618,55.9441965644579,null
9,-3.187272950729618,55.9441965644579,130,-3.1874657870125236,55.94442637779083,null
10,-3.1874657870125236,55.94442637779083,140,-3.1876956003454593,55.94461921407374,null
11,-3.1876956003454593,55.94461921407374,130,-3.187888436628365,55.944849027406676,agents.mile.crib
12,-3.187888436628365,55.944849027406676,120,-3.188038436628365,55.94510883502781,null
13,-3.188038436628365,55.94510883502781,120,-3.1881884366283653,55.945368642648944,null
14,-3.1881884366283653,55.945368642648944,120,-3.1883384366283654,55.94562845027008,null
15,-3.1883384366283654,55.94562845027008,120,-3.1884884366283655,55.94588825789121,boost.radar.stress
16,-3.1884884366283655,55.94588825789121,180,-3.1887884366283656,55.94588825789121,null
17,-3.1887884366283656,55.94588825789121,170,-3.1890838789542695,55.945940352344515,null
18,-3.1890838789542695,55.945940352344515,180,-3.1893838789542697,55.945940352344515,coherent.saints.stuck
19,-3.1893838789542697,55.945940352344515,220,-3.1896136922872054,55.94574751606161,null
20,-3.1896136922872054,55.94574751606161,230,-3.189806528570111,55.94551770272867,turkey.limit.ramp
21,-3.189806528570111,55.94551770272867,160,-3.190088436356347,55.94562030877167,null
22,-3.190088436356347,55.94562030877167,160,-3.1903703441425826,55.945722914814674,null
23,-3.1903703441425826,55.945722914814674,160,-3.1906522519288183,55.945825520857674,null
24,-3.1906522519288183,55.945825520857674,160,-3.190934159715054,55.945928126900675,null
25,-3.190934159715054,55.945928126900675,170,-3.191229602040958,55.94598022135398,simple.rust.audio
26,-3.191229602040958,55.94598022135398,270,-3.191229602040958,55.945680221353975,skins.engage.best
27,-3.191229602040958,55.945680221353975,230,-3.1914224383238636,55.94545040802104,null
28,-3.1914224383238636,55.94545040802104,240,-3.1915724383238637,55.945190600399904,hills.feels.tunes
29,-3.1915724383238637,55.945190600399904,340,-3.191290530537628,55.9450879943569,null
30,-3.191290530537628,55.9450879943569,340,-3.1910086227513923,55.9449853883139,shapes.sheep.nature
31,-3.1910086227513923,55.9449853883139,260,-3.1910607172046923,55.944689945987996,null
32,-3.1910607172046923,55.944689945987996,270,-3.1910607172046923,55.94438994598799,paying.crowd.weep
33,-3.1910607172046923,55.94438994598799,330,-3.1908009095835568,55.944239945987995,null
34,-3.1908009095835568,55.944239945987995,320,-3.190571096250621,55.94404710970509,pump.wheels.hulk
35,-3.190571096250621,55.94404710970509,220,-3.1908009095835568,55.94385427342218,null
36,-3.1908009095835568,55.94385427342218,220,-3.1910307229164925,55.943661437139276,loaf.cheer.slave
37,-3.1910307229164925,55.943661437139276,300,-3.1908807229164924,55.94340162951814,null
38,-3.1908807229164924,55.94340162951814,300,-3.1907307229164923,55.94314182189701,null
39,-3.1907307229164923,55.94314182189701,290,-3.1906281168734947,55.94285991411077,tonic.bliss.cove
40,-3.1906281168734947,55.94285991411077,0,-3.1903281168734945,55.94285991411077,null
41,-3.1903281168734945,55.94285991411077,10,-3.1900326745475907,55.94291200856407,second.launch.miles
42,-3.1900326745475907,55.94291200856407,50,-3.189839838264685,55.94314182189701,null
43,-3.189839838264685,55.94314182189701,50,-3.189647001981779,55.943371635229944,null
44,-3.189647001981779,55.943371635229944,60,-3.189497001981779,55.94363144285108,cars.attend.hotels
45,-3.189497001981779,55.94363144285108,30,-3.1892371943606435,55.943781442851076,null
46,-3.1892371943606435,55.943781442851076,30,-3.188977386739508,55.943931442851074,noted.friday.jams
47,-3.188977386739508,55.943931442851074,300,-3.188827386739508,55.94367163522994,null
48,-3.188827386739508,55.94367163522994,290,-3.18872478069651,55.9433897274437,system.speak.guard
49,-3.18872478069651,55.9433897274437,290,-3.1886221746535126,55.94310781965746,groups.ideas.script
50,-3.1886221746535126,55.94310781965746,50,-3.188429338370607,55.9433376329904,null
51,-3.188429338370607,55.9433376329904,60,-3.1882793383706067,55.94359744061153,null
52,-3.1882793383706067,55.94359744061153,50,-3.188086502087701,55.94382725394447,cubs.trucks.help
53,-3.188086502087701,55.94382725394447,340,-3.1878045943014652,55.94372464790147,null
54,-3.1878045943014652,55.94372464790147,340,-3.1875226865152295,55.94362204185847,shut.stands.media
55,-3.1875226865152295,55.94362204185847,320,-3.187292873182294,55.94342920557556,scale.chair.kinds
56,-3.187292873182294,55.94342920557556,240,-3.187442873182294,55.94316939795443,null
57,-3.187442873182294,55.94316939795443,240,-3.187592873182294,55.942909590333294,panic.squad.danger
58,-3.187592873182294,55.942909590333294,340,-3.1873109653960583,55.94280698429029,null
59,-3.1873109653960583,55.94280698429029,340,-3.1870290576098226,55.94270437824729,strut.river.surely
60,-3.1870290576098226,55.94270437824729,10,-3.1867336152839187,55.942756472700594,null
61,-3.1867336152839187,55.942756472700594,10,-3.186438172958015,55.9428085671539,null
62,-3.186438172958015,55.9428085671539,0,-3.1861381729580147,55.9428085671539,null
63,-3.1861381729580147,55.9428085671539,10,-3.185842730632111,55.9428606616072,null
64,-3.185842730632111,55.9428606616072,0,-3.1855427306321107,55.9428606616072,dent.shins.cycle
65,-3.1855427306321107,55.9428606616072,10,-3.185247288306207,55.9429127560605,null
66,-3.185247288306207,55.9429127560605,10,-3.184951845980303,55.9429648505138,null
67,-3.184951845980303,55.9429648505138,10,-3.184656403654399,55.943016944967106,courier.assume.bill
68,-3.184656403654399,55.943016944967106,90,-3.184656403654399,55.94331694496711,null
69,-3.184656403654399,55.94331694496711,90,-3.184656403654399,55.94361694496711,null
70,-3.184656403654399,55.94361694496711,90,-3.184656403654399,55.943916944967114,rider.mile.lime
71,-3.184656403654399,55.943916944967114,130,-3.184849239937305,55.94414675830005,null
72,-3.184849239937305,55.94414675830005,130,-3.1850420762202107,55.944376571632986,null
73,-3.1850420762202107,55.944376571632986,130,-3.1852349125031165,55.94460638496592,acid.chair.butter
74,-3.1852349125031165,55.94460638496592,20,-3.184953004716881,55.94470899100892,null
75,-3.184953004716881,55.94470899100892,30,-3.1846931970957453,55.94485899100892,null
76,-3.1846931970957453,55.94485899100892,20,-3.1844112893095096,55.94496159705192,sports.topic.clocks
77,-3.1844112893095096,55.94496159705192,120,-3.1845612893095097,55.945221404673056,null
78,-3.1845612893095097,55.945221404673056,130,-3.1847541255924154,55.94545121800599,null
79,-3.1847541255924154,55.94545121800599,120,-3.1849041255924155,55.945711025627126,null
80,-3.1849041255924155,55.945711025627126,130,-3.1850969618753213,55.94594083896006,rider.aura.bulb
81,-3.1850969618753213,55.94594083896006,190,-3.185392404201225,55.94588874450676,null
82,-3.185392404201225,55.94588874450676,190,-3.185687846527129,55.94583665005346,null
83,-3.185687846527129,55.94583665005346,190,-3.185983288853033,55.945784555600156,null
84,-3.185983288853033,55.945784555600156,190,-3.1862787311789367,55.945732461146854,null
85,-3.1862787311789367,55.945732461146854,190,-3.1865741735048405,55.94568036669355,hidden.handle.softly
86,-3.1865741735048405,55.94568036669355,210,-3.186833981125976,55.94553036669355,spent.spoon.bolt
87,-3.186833981125976,55.94553036669355,270,-3.186833981125976,55.94523036669355,null
88,-3.186833981125976,55.94523036669355,310,-3.1866411448430703,55.945000553360615,null
89,-3.1866411448430703,55.945000553360615,120,-3.1867911448430704,55.94526036098175,null
90,-3.1867911448430704,55.94526036098175,310,-3.1865983085601646,55.94503054764881,null
91,-3.1865983085601646,55.94503054764881,140,-3.1868281218931003,55.94522338393172,null
92,-3.1868281218931003,55.94522338393172,310,-3.1866352856101945,55.94499357059878,null
93,-3.1866352856101945,55.94499357059878,120,-3.1867852856101946,55.94525337821992,null
94,-3.1867852856101946,55.94525337821992,310,-3.186592449327289,55.94502356488698,null
95,-3.186592449327289,55.94502356488698,140,-3.1868222626602245,55.94521640116989,null
96,-3.1868222626602245,55.94521640116989,310,-3.1866294263773187,55.94498658783695,null
97,-3.1866294263773187,55.94498658783695,120,-3.186779426377319,55.945246395458085,null
98,-3.186779426377319,55.945246395458085,310,-3.186586590094413,55.94501658212515,null
99,-3.186586590094413,55.94501658212515,140,-3.1868164034273487,55.945209418408055,null
100,-3.1868164034273487,55.945209418408055,310,-3.186623567144443,55.94497960507512,null
101,-3.186623567144443,55.94497960507512,120,-3.186773567144443,55.94523941269625,null
102,-3.186773567144443,55.94523941269625,310,-3.1865807308615373,55.94500959936332,null
103,-3.1865807308615373,55.94500959936332,140,-3.186810544194473,55.94520243564622,null
104,-3.186810544194473,55.94520243564622,310,-3.186617707911567,55.94497262231329,null
105,-3.186617707911567,55.94497262231329,120,-3.1867677079115673,55.94523242993442,null
106,-3.1867677079115673,55.94523242993442,310,-3.1865748716286615,55.945002616601485,null
107,-3.1865748716286615,55.945002616601485,140,-3.186804684961597,55.94519545288439,null
108,-3.186804684961597,55.94519545288439,310,-3.1866118486786914,55.944965639551455,null
109,-3.1866118486786914,55.944965639551455,120,-3.1867618486786915,55.94522544717259,null
110,-3.1867618486786915,55.94522544717259,310,-3.1865690123957857,55.94499563383965,null
111,-3.1865690123957857,55.94499563383965,140,-3.1867988257287214,55.94518847012256,null
112,-3.1867988257287214,55.94518847012256,310,-3.1866059894458156,55.94495865678962,null
113,-3.1866059894458156,55.94495865678962,120,-3.1867559894458157,55.94521846441076,null
114,-3.1867559894458157,55.94521846441076,310,-3.18656315316291,55.94498865107782,null
115,-3.18656315316291,55.94498865107782,140,-3.1867929664958456,55.94518148736073,null
116,-3.1867929664958456,55.94518148736073,310,-3.18660013021294,55.94495167402779,null
117,-3.18660013021294,55.94495167402779,120,-3.18675013021294,55.945211481648926,null
118,-3.18675013021294,55.945211481648926,310,-3.186557293930034,55.94498166831599,null
119,-3.186557293930034,55.94498166831599,140,-3.18678710726297,55.945174504598896,null
120,-3.18678710726297,55.945174504598896,310,-3.186594270980064,55.94494469126596,null
121,-3.186594270980064,55.94494469126596,120,-3.186744270980064,55.945204498887094,null
122,-3.186744270980064,55.945204498887094,310,-3.1865514346971584,55.94497468555416,null
123,-3.1865514346971584,55.94497468555416,140,-3.186781248030094,55.945167521837064,null
124,-3.186781248030094,55.945167521837064,310,-3.1865884117471883,55.94493770850413,null
125,-3.1865884117471883,55.94493770850413,120,-3.1867384117471884,55.94519751612526,null
126,-3.1867384117471884,55.94519751612526,310,-3.1865455754642826,55.944967702792326,null
127,-3.1865455754642826,55.944967702792326,140,-3.1867753887972183,55.94516053907523,null
128,-3.1867753887972183,55.94516053907523,310,-3.1865825525143125,55.944930725742296,null
129,-3.1865825525143125,55.944930725742296,120,-3.1867325525143126,55.94519053336343,null
130,-3.1867325525143126,55.94519053336343,310,-3.186539716231407,55.944960720030494,null
131,-3.186539716231407,55.944960720030494,140,-3.1867695295643426,55.9451535563134,null
132,-3.1867695295643426,55.9451535563134,310,-3.186576693281437,55.944923742980464,null
133,-3.186576693281437,55.944923742980464,120,-3.186726693281437,55.9451835506016,null
134,-3.186726693281437,55.9451835506016,310,-3.186533856998531,55.94495373726866,null
135,-3.186533856998531,55.94495373726866,140,-3.186763670331467,55.94514657355157,null
136,-3.186763670331467,55.94514657355157,310,-3.186570834048561,55.94491676021863,null
137,-3.186570834048561,55.94491676021863,120,-3.186720834048561,55.945176567839766,null
138,-3.186720834048561,55.945176567839766,310,-3.1865279977656553,55.94494675450683,null
139,-3.1865279977656553,55.94494675450683,140,-3.186757811098591,55.945139590789736,null
140,-3.186757811098591,55.945139590789736,310,-3.1865649748156852,55.9449097774568,null
141,-3.1865649748156852,55.9449097774568,120,-3.1867149748156853,55.945169585077934,null
142,-3.1867149748156853,55.945169585077934,310,-3.1865221385327795,55.944939771745,null
143,-3.1865221385327795,55.944939771745,140,-3.1867519518657152,55.945132608027905,null
144,-3.1867519518657152,55.945132608027905,310,-3.1865591155828095,55.94490279469497,null
145,-3.1865591155828095,55.94490279469497,120,-3.1867091155828096,55.9451626023161,null
146,-3.1867091155828096,55.9451626023161,310,-3.1865162792999038,55.94493278898317,null
147,-3.1865162792999038,55.94493278898317,140,-3.1867460926328395,55.94512562526607,null
148,-3.1867460926328395,55.94512562526607,310,-3.1865532563499337,55.94489581193314,null
149,-3.1865532563499337,55.94489581193314,240,-3.186703256349934,55.944636004312,null
150,-3.186703256349934,55.944636004312,130,-3.1868960926328396,55.94486581764494,null